0 500 0 500 
50.9339 50.3575 59.7 100.9 79.0305 49.7549 10.89 10.43 79.3438 90.7546 0.473994 4.14952 
51.8413 50.7779 59.5929 101.697 78.0308 49.7306 11.6617 10.7844 78.5316 91.2721 0.0728425 3.37744 
52.7234 51.2488 59.6681 102.387 77.046 49.9041 12.3057 11.0534 77.5735 91.5546 -0.195528 2.69252 
53.5817 51.7619 59.912 102.965 76.1053 50.2434 12.8257 11.2294 76.5747 91.6022 0.628569 2.12608 
54.4174 52.3111 60.3102 103.423 75.2238 50.7156 13.2267 11.3068 75.5868 91.4473 1.52478 1.68245 
55.2316 52.8917 60.8472 103.756 74.4061 51.2912 13.5156 11.2828 74.6391 91.1279 2.47155 1.36053 
56.0252 53.5002 61.5073 103.956 73.6507 51.9465 13.7007 11.1566 73.7454 90.6793 3.44998 1.15395 
56.7988 54.1339 62.2743 104.017 72.9529 52.6628 13.7912 10.9296 72.9097 90.1301 4.44485 1.05285 
57.5529 54.7907 63.0627 103.762 72.3067 53.426 13.7972 10.605 72.1314 89.5022 5.44483 1.04561 
58.2343 55.5225 63.864 103.198 71.706 54.2255 13.7297 10.1881 71.4077 88.8122 6.44205 1.1201 
58.854 56.3074 64.5306 102.452 71.1816 55.0769 13.6 9.68532 70.7342 88.073 7.43156 1.26454 
59.4221 57.1304 65.0613 101.605 70.7199 55.964 13.4198 9.10486 70.1062 87.2947 8.40998 1.40252 
59.9473 57.9813 65.4784 100.696 70.3093 56.8758 13.2506 8.53081 69.5193 86.4851 9.3774 1.53409 
60.4371 58.8532 65.8045 99.7507 69.9399 57.805 13.0924 7.96311 68.969 85.6501 10.3339 1.65931 
60.8299 59.7728 66.0584 98.7835 69.6669 58.767 12.9451 7.40172 68.4515 84.7944 11.2797 1.77824 
61.1431 60.7225 66.2554 97.8031 69.4715 59.7478 12.8086 6.84656 67.9632 83.9218 12.2148 1.89093 
61.3915 61.6911 66.4074 96.8147 69.3382 60.7388 12.6827 6.29759 67.501 83.035 13.1393 1.99745 
61.587 62.6718 66.5233 95.8214 69.2546 61.7353 12.5674 5.75474 67.0624 82.1363 14.0534 2.09785 
61.7388 63.6602 66.61 94.8252 69.211 62.7344 12.4625 5.21796 66.645 81.2276 14.9571 2.19219 
61.8539 64.6536 66.6727 93.8272 69.1998 63.7343 12.368 4.68719 66.2469 80.3102 15.8506 2.28053 
61.9375 65.6501 66.7154 92.8281 69.2154 64.7342 12.2837 4.16237 65.8665 79.3854 16.7339 2.36292 
61.9933 66.6485 66.7409 91.8284 69.2536 65.7335 12.2095 3.64344 65.5022 78.4541 17.6073 2.43943 
62.0239 67.6481 66.7516 90.8285 69.311 66.7318 12.1453 3.13034 65.153 77.5171 18.4707 2.51011 
62.0308 68.648 66.7492 89.8285 69.3856 67.729 12.091 2.62302 64.8475 76.6594 19.3243 2.57503 
61.9864 69.6471 66.7349 88.8286 69.4759 68.725 12.0465 2.12142 64.5398 75.9523 20.1681 2.63423 
61.8933 70.6427 66.7093 87.8289 69.6369 69.7119 12.0118 1.62548 64.2264 75.371 21.0024 2.68778 
61.7541 71.633 66.6732 86.8296 69.8696 70.6845 11.9866 1.13514 63.9038 74.8922 21.8272 2.73574 
61.5707 72.616 66.6268 85.8306 70.175 71.6367 11.9709 0.650341 63.5678 74.4942 22.545 2.75751 
61.3444 73.5901 66.5703 84.8322 70.5531 72.5624 12.0683 0.19168 63.2142 74.1562 23.1518 2.74883 
61.0761 74.5534 66.5037 83.8345 71.0037 73.4552 12.2816 -0.23691 62.8384 73.8587 23.646 2.71608 
60.7663 75.5042 66.427 82.8374 71.442 74.354 12.6113 0.357989 62.4001 73.494 24.0282 2.66604 
60.447 76.4052 66.3429 81.9219 71.9294 75.2054 13.0558 0.969519 61.8908 73.05 24.3013 2.60564 
60.1206 77.2772 66.2918 81.1527 72.3731 76.0077 13.611 1.59069 61.4045 72.5424 24.4704 2.54191 
59.7891 78.1404 66.2749 80.5051 72.7711 76.7671 14.2709 2.21453 60.9397 71.9681 24.5423 2.48178 
59.4537 79.0138 66.2412 79.8735 73.1214 77.4889 15.0276 2.83419 60.495 71.323 24.6201 2.42848 
59.1154 79.9164 66.1888 79.2383 73.4222 78.1783 15.7786 3.44709 60.0693 70.602 24.7038 2.38195 
58.7783 80.8579 66.1161 78.58 73.6719 78.8403 16.5237 4.05329 59.7085 69.9796 24.7933 2.34211 
58.4486 81.7599 66.0221 77.8802 73.8694 79.4808 17.2631 4.65285 59.4146 69.4635 24.8885 2.3089 
58.1264 82.6278 65.906 77.1209 74.0141 80.1062 17.9969 5.24586 59.1886 69.0599 24.9894 2.28224 
57.8121 83.4678 65.687 76.3475 74.106 80.7232 18.725 5.83237 58.9659 68.7017 25.096 2.26207 
57.5843 84.2156 65.3644 75.5571 74.0598 81.2871 19.4475 6.41245 58.7472 68.3974 25.2082 2.24832 
57.4415 84.8627 65.0897 74.8748 73.8757 81.7918 20.1645 6.98618 58.533 68.1548 25.3259 2.24091 
57.3818 85.4028 64.8628 74.3043 73.5555 82.2322 20.8761 7.55363 58.3237 67.9799 25.4491 2.23979 
57.4022 85.8308 64.6835 73.8482 73.1031 82.604 21.5822 8.11486 58.1188 67.8777 25.5777 2.24487 
57.4986 86.1434 64.5514 73.508 72.5239 82.9041 22.2829 8.66994 57.9176 67.8514 25.7117 2.2561 
57.666 86.3388 64.4658 73.2839 71.8251 83.1302 22.9783 9.21894 57.7189 67.9029 25.8511 2.27341 
57.8984 86.4167 64.4257 73.1752 71.0151 83.2811 23.6684 9.76193 57.5211 68.0327 25.9958 2.29672 
58.1893 86.3785 64.4302 73.1799 70.1039 83.3566 24.3533 10.299 57.3219 68.2397 26.1457 2.32596 
58.5312 86.2271 64.478 73.2948 69.1039 83.3576 25.0331 10.8301 57.119 68.5217 26.3008 2.36108 
58.9162 85.9669 64.5678 73.5158 68.1061 83.2912 25.7077 11.3555 56.9101 68.8751 26.461 2.402 
59.2454 85.6301 64.6981 73.8379 67.1286 83.1317 26.3772 11.8751 56.6923 69.2952 26.6263 2.44865 
59.5256 85.2212 64.8434 74.1629 66.1918 82.9739 27.0418 12.3891 56.4625 69.7769 26.7966 2.50097 
59.7634 84.745 65.0134 74.4905 65.2824 82.8189 27.7013 12.8974 56.2176 70.3153 26.9809 2.66181 
59.965 84.2063 65.2177 74.8193 64.3878 82.6682 28.349 13.2999 56.0432 70.9496 27.1835 2.93145 
60.1371 83.6103 65.4658 75.1477 63.4959 82.5245 28.9805 13.5974 55.9389 71.6709 27.4084 3.30803 
60.2867 82.9625 65.7237 75.3612 62.5953 82.3911 29.5922 13.7928 55.9033 72.4688 27.6589 3.78765 
60.367 82.3427 65.9992 75.471 61.6747 82.2727 30.1809 13.891 55.934 73.3323 27.9381 4.36449 
60.3842 81.7475 66.3007 75.4873 60.7234 82.1747 30.7664 13.993 55.9835 74.1662 28.2486 5.03286 
60.387 81.2488 66.6373 75.418 59.7774 82.1815 31.3489 14.0998 56.0122 74.895 28.5621 5.69652 
60.3795 80.8313 67.0181 75.2688 58.8872 82.2225 31.9283 14.2114 56.028 75.5288 28.8787 6.35552 
60.3652 80.4819 67.3722 75.1119 58.0444 82.2952 32.5049 14.3276 56.0381 76.0766 29.1982 7.00988 
60.3471 80.1898 67.6971 74.9516 57.2413 82.3977 33.0785 14.4484 56.0491 76.5454 29.5206 7.65965 
60.328 79.9458 67.9908 74.7913 56.4705 82.5285 33.6493 14.5739 56.0673 76.9411 29.8459 8.30488 
60.3106 79.7421 68.2512 74.6341 55.7251 82.6868 34.2173 14.7039 56.0986 77.2685 30.1741 8.94558 
60.2974 79.572 68.4766 74.4827 54.9979 82.8722 34.7824 14.8385 56.1488 77.5308 30.5051 9.58182 
60.2912 79.4298 68.6652 74.3395 54.282 83.085 35.3448 14.9775 56.2235 77.7308 30.8389 10.2136 
60.2947 79.3104 68.8154 74.2065 53.5703 83.3258 35.9044 15.1211 56.3282 77.8698 31.1755 10.841 
60.3109 79.2097 68.9254 74.0855 52.8553 83.5959 36.4613 15.269 56.4686 77.9486 31.5148 11.4641 
60.4283 79.0731 68.9936 73.9783 52.1288 83.8976 37.0156 15.4213 56.65 77.9671 31.8568 12.0828 
60.5661 78.9477 69.0177 73.8865 51.3819 84.2336 37.5672 15.5779 56.8777 77.9246 32.2015 12.6973 
60.6389 78.8817 68.9958 73.8116 50.697 84.5545 38.1162 15.7388 57.1574 77.8196 32.5488 13.3076 
60.6443 78.8761 68.9272 73.754 50.0711 84.8609 38.6627 15.904 57.4948 77.6498 32.8987 13.9136 
60.5796 78.9324 68.812 73.7136 49.5742 85.0828 39.2066 16.0733 57.8176 77.4857 33.2512 14.5155 
60.442 79.0524 68.651 73.6897 49.2096 85.2189 39.748 16.2469 58.1252 77.3268 33.6062 15.1133 
60.2289 79.2383 68.3629 73.7356 48.9784 85.2693 40.2869 16.4246 58.4172 77.1724 33.9638 15.707 
59.9381 79.4918 67.9509 73.8506 48.8793 85.2356 40.8234 16.6063 58.6935 77.0213 34.3238 16.2967 
59.5682 79.8151 67.5118 74.0019 48.91 85.1205 41.3574 16.7921 58.8682 76.9013 34.6862 16.8824 
59.1181 80.2098 67.0429 74.191 49.0654 84.9278 41.8891 16.9819 58.9506 76.8066 35.0511 17.4642 
58.5872 80.6778 66.5429 74.419 49.3391 84.6628 42.4184 17.1757 58.9501 76.7308 35.4183 18.042 
58.0543 81.1591 66.0111 74.6866 49.637 84.366 42.9454 17.3734 58.8756 76.6671 35.7879 18.616 
57.602 81.6221 65.4482 74.9943 49.9593 84.0356 43.4701 17.575 58.7349 76.6085 36.1598 19.1862 
57.2219 82.0752 64.8553 75.3422 50.306 83.6702 43.9926 17.7805 58.5353 76.5478 36.534 19.7525 
56.9063 82.527 64.2342 75.7306 50.676 83.2683 44.5128 17.9897 58.2828 76.4778 36.9105 20.3151 
56.576 83.0534 63.5871 76.1599 51.0677 82.8285 45.0308 18.2028 58.0547 76.3273 37.2892 20.8741 
56.2277 83.6649 62.9158 76.6311 51.4112 82.4127 45.5467 18.4195 57.8503 76.0905 37.6701 21.4293 
55.8583 84.3738 62.2219 77.1464 51.7115 82.0155 46.0604 18.6399 57.6701 75.7585 38.0531 21.9809 
55.4642 85.1945 61.5063 77.709 51.9734 81.6315 46.572 18.864 57.5155 75.3199 38.4383 22.5289 
55.062 86.0457 60.7698 78.3227 52.1139 81.2891 47.0815 19.0917 57.3651 74.8662 38.8256 23.0734 
54.651 86.9325 60.0981 78.9624 52.1454 80.974 47.589 19.3229 57.22 74.3943 39.215 23.6144 
54.2381 87.8432 59.483 79.6425 52.0773 80.6727 48.0945 19.5577 57.0816 73.9005 39.6064 24.1519 
53.8339 88.7579 58.9175 80.3776 51.917 80.3715 48.598 19.796 56.9519 73.3807 39.9999 24.686 
53.4399 89.677 58.3961 81.1826 51.6691 80.0568 49.0995 20.0377 56.8331 72.8301 40.4854 25.1706 
53.0573 90.6009 57.9201 82.0621 51.3502 79.8189 49.5147 20.3332 56.7279 72.2428 41.094 25.8602 
52.6501 91.4747 57.5106 82.9744 50.9599 79.6553 49.8477 20.6878 56.6176 71.5714 41.7282 26.6333 
52.2197 92.2901 57.1244 83.8923 50.497 79.5642 50.1024 21.1061 56.4445 70.9029 42.3415 27.4232 
51.7663 93.0394 56.7619 84.8167 50.0184 79.4589 50.2832 21.5914 56.21 70.1504 42.8704 28.2719 
51.2901 93.7137 56.4233 85.7471 49.5239 79.3327 50.5295 22.2822 55.916 69.3287 43.3268 29.1616 
50.7906 94.3044 56.1085 86.683 49.0129 79.1784 50.8364 23.1681 55.5648 68.4532 43.7219 30.0803 
50.2673 94.8023 55.7474 87.549 48.528 78.9396 51.1575 24.1152 55.1592 67.5392 44.0261 31.0329 
49.7196 95.1981 55.3986 88.2582 48.071 78.6217 51.4726 25.0642 54.7212 66.6402 44.2575 32.0057 
